0 346.117 467.2 523.206 448.135 467.616 312.431 211.227 316.139 305.367 229.73 261.725 271.413 501.767 170.581 357.315 389.272 287.346 370.872 251.032 193.497 108.724 245.204 387.072 363.695 
346.117 0 388.645 329.419 483.938 602.89 427.551 285.804 64.0703 423.086 268.151 94.7048 351.01 459.688 219.693 493.474 554.401 354.154 223.788 122.589 177.2 414.982 149.305 49.8197 350.224 
467.2 388.645 0 153.114 153.444 317.907 231.89 256.018 437.031 234.957 238.537 418.579 212.624 74.793 486.681 265.545 322.262 196.947 164.906 317.05 456.098 575.827 293.293 427.108 108.231 
523.206 329.419 153.114 0 306.4 470.278 362.035 327.867 389.841 363.198 303.223 391.127 318.297 217.849 490.667 407.492 468.048 306.111 153.056 308.196 451.983 626.869 296.022 353.736 225.056 
448.135 483.938 153.444 306.4 0 164.924 143.122 256.281 519.035 149.566 253.387 486.544 180.189 107.671 520.047 139.789 182.439 165.979 274.257 383.521 499.94 553.261 354.683 529.235 133.72 
467.616 602.89 317.907 470.278 164.924 0 179.789 330.938 625.617 185.607 340.771 583.648 254.849 268.464 584.371 116.709 82 249.377 416.866 488.148 575.378 558.228 458.737 651.406 271.221 
312.431 427.551 231.89 362.035 143.122 179.789 0 151.169 446.839 7.07107 161.719 403.981 76.5768 227.264 408.932 65.9469 128.062 75 265 310 397.2 414.451 280.834 476.8 137 
211.227 285.804 256.018 327.867 256.281 330.938 151.169 0 298.136 145.362 26.1725 253.34 79.6241 293.232 264.683 215.585 272.419 91.1976 185.367 164.146 248.395 319.916 136.499 335.622 153.418 
316.139 64.0703 437.031 389.841 519.035 625.617 446.839 298.136 0 441.648 285.125 55.0273 370.844 505.46 169.853 512.431 570.53 376.617 273.046 137.83 130.311 372.055 167.359 78.1601 386.505 
305.367 423.086 234.957 363.198 149.566 185.607 7.07107 145.362 441.648 0 156.605 398.418 72.1249 232.2 402.3 70.8025 131.795 71.8679 263.486 305.041 390.858 407.46 275.96 472.424 138.177 
229.73 268.151 238.537 303.223 253.387 340.771 161.719 26.1725 285.125 156.605 0 243.286 85.9593 280.845 267.092 227.407 286.763 93.6376 159.355 148.529 246.83 337.96 119.67 317.838 140.407 
261.725 94.7048 418.579 391.127 486.544 583.648 403.981 253.34 55.0273 398.418 243.286 0 329.164 483.233 125.004 468.882 525.13 336.506 259.295 103.947 82.5409 322.3 132.004 127.063 356.609 
271.413 351.01 212.624 318.297 180.189 254.849 76.5768 79.6241 370.844 72.1249 85.9593 329.164 0 233.077 343.786 142.524 203.823 16.4012 200.632 233.658 328 378.79 204.402 400.312 104.561 
501.767 459.688 74.793 217.849 107.671 268.464 227.264 293.232 505.46 232.2 280.845 483.233 233.077 0 541.317 242.297 289.705 216.689 236.279 380.001 513.876 610.129 354.239 499.605 140.456 
170.581 219.693 486.681 490.667 520.047 584.371 408.932 264.683 169.853 402.3 267.092 125.004 343.786 541.317 0 467.85 514.417 355.879 344.471 182.497 43.0465 204.022 198.124 247.736 403.366 
357.315 493.474 265.545 407.492 139.789 116.709 65.9469 215.585 512.431 70.8025 227.407 468.882 142.524 242.297 467.85 0 64.4127 140.121 324.678 375.826 458.704 453.415 346.712 542.687 186.815 
389.272 554.401 322.262 468.048 182.439 82 128.062 272.419 570.53 131.795 286.763 525.13 203.823 289.705 514.417 64.4127 0 203.039 389.082 435.178 508.968 477.378 406.433 603.869 250.138 
287.346 354.154 196.947 306.111 165.979 249.377 75 91.1976 376.617 71.8679 93.6376 336.506 16.4012 216.689 355.879 140.121 203.039 0 193.83 238.925 338.723 394.899 209.459 403.104 89.1852 
370.872 223.788 164.906 153.056 274.257 416.866 265 185.367 273.046 263.486 159.355 259.295 200.632 236.279 344.471 324.678 389.082 193.83 0 163.783 308.462 473.874 146.632 263.441 146 
251.032 122.589 317.05 308.196 383.521 488.148 310 164.146 137.83 305.041 148.529 103.947 233.658 380.001 182.497 375.826 435.178 238.925 163.783 0 144.9 339.45 29.5296 172.285 252.794 
193.497 177.2 456.098 451.983 499.94 575.378 397.2 248.395 130.311 390.858 246.83 82.5409 328 513.876 43.0465 458.704 508.968 338.723 308.462 144.9 0 241.748 163.817 207.331 378.298 
108.724 414.982 575.827 626.869 553.261 558.228 414.451 319.916 372.055 407.46 337.96 322.3 378.79 610.129 204.022 453.415 477.378 394.899 473.874 339.45 241.748 0 339.567 448.794 472.382 
245.204 149.305 293.293 296.022 354.683 458.737 280.834 136.499 167.359 275.96 119.67 132.004 204.402 354.239 198.124 346.712 406.433 209.459 146.632 29.5296 163.817 339.567 0 199.123 224.742 
387.072 49.8197 427.108 353.736 529.235 651.406 476.8 335.622 78.1601 472.424 317.838 127.063 400.312 499.605 247.736 542.687 603.869 403.104 263.441 172.285 207.331 448.794 199.123 0 395.612 
363.695 350.224 108.231 225.056 133.72 271.221 137 153.418 386.505 138.177 140.407 356.609 104.561 140.456 403.366 186.815 250.138 89.1852 146 252.794 378.298 472.382 224.742 395.612 0 
